steps_per_meter: 77257.494467763
base_width: 0.322444444444444