steps_per_meter: 77269.7781903733
base_width: 0.324559232
