steps_per_meter: 77401.855111955000
base_width: 0.322444444444444